Ledger balance report 2019

Currency,Wallet,Balance Change,Timestamp,Transaction Type,Tag,Wallet Balance,Total Balance,TxHash,Description
AUD,BTC Markets 3,11023.38955694,2018-07-12 19:34:44 UTC,Sell,"",11023.39,11023.39,1992756536,""
AUD,BTC Markets 3,146.6310936605,2018-07-12 19:34:44 UTC,Sell,"",11170.02,11170.02,1992756536,""
AUD,BTC Markets 3,-1.24636282,2018-07-12 19:34:44 UTC,Sell,"",11168.77,11168.77,1992756536,""
AUD,BTC Markets 3,-93.698701,2018-07-12 19:34:44 UTC,Sell,"",11075.08,11075.08,1992756536,""
AUD,BTC Markets 3,-47.73594384,2018-07-12 19:35:40 UTC,Buy,"",11027.34,11027.34,1992759143,""
AUD,BTC Markets 3,-5616.0,2018-07-12 19:35:40 UTC,Buy,"",5411.34,5411.34,1992759143,""
AUD,BTC Markets 3,-45.60865969,2018-07-12 19:35:43 UTC,Buy,"",5365.73,5365.73,1992759143,""
AUD,BTC Markets 3,-5365.7309832048,2018-07-12 19:35:43 UTC,Buy,"",0.0,0.0,1992759143,""
AUD,BTC Markets 3,615.06,2018-07-12 19:36:49 UTC,Sell,"",615.06,615.06,1992762531,""
AUD,BTC Markets 3,-5.22800384,2018-07-12 19:36:49 UTC,Sell,"",609.83,609.83,1992762531,""
AUD,BTC Markets 3,-5.13987696,2018-07-12 19:37:10 UTC,Buy,"",604.69,604.69,1992763375,""
AUD,BTC Markets 3,-604.6921192455,2018-07-12 19:37:10 UTC,Buy,"",-0.0,-0.0,1992763375,""
AUD,BTC Markets 3,2965.2629248692,2018-07-12 19:37:54 UTC,Sell,"",2965.26,2965.26,1992765519,""
AUD,BTC Markets 3,-25.2047052,2018-07-12 19:37:54 UTC,Sell,"",2940.06,2940.06,1992765519,""
AUD,BTC Markets 3,-24.51707632,2018-07-12 19:38:13 UTC,Buy,"",2915.54,2915.54,1992766232,""
AUD,BTC Markets 3,-2884.3653141241,2018-07-12 19:38:13 UTC,Buy,"",31.18,31.18,1992766232,""
AUD,BTC Markets 3,-0.26276077,2018-07-12 19:38:44 UTC,Buy,"",30.91,30.91,1992767194,""
AUD,BTC Markets 3,-30.913068474,2018-07-12 19:38:44 UTC,Buy,"",-0.0,-0.0,1992767194,""
AUD,BTC Markets 3,100.0,2018-07-17 10:08:32 UTC,Sell,"",100.0,100.0,2011343129,""
AUD,BTC Markets 3,-0.649999,2018-07-17 10:08:32 UTC,Sell,"",99.35,99.35,2011343129,""
AUD,BTC Markets 3,100.0,2018-07-17 10:09:27 UTC,Sell,"",199.35,199.35,2011343129,""
AUD,BTC Markets 3,-0.649999,2018-07-17 10:09:27 UTC,Sell,"",198.7,198.7,2011343129,""
AUD,BTC Markets 3,208.4991326,2018-07-17 10:10:33 UTC,Sell,"",407.2,407.2,2011343129,""
AUD,BTC Markets 3,-1.35524227,2018-07-17 10:10:33 UTC,Sell,"",405.84,405.84,2011343129,""
AUD,BTC Markets 3,167.8098194,2018-07-17 10:14:17 UTC,Sell,"",573.65,573.65,2011343129,""
AUD,BTC Markets 3,-1.09076214,2018-07-17 10:14:17 UTC,Sell,"",572.56,572.56,2011343129,""
AUD,BTC Markets 3,50.0,2018-07-17 10:15:03 UTC,Sell,"",622.56,622.56,2011343129,""
AUD,BTC Markets 3,-0.3249995,2018-07-17 10:15:03 UTC,Sell,"",622.24,622.24,2011343129,""
AUD,BTC Markets 3,32.4660173,2018-07-17 10:19:18 UTC,Sell,"",654.7,654.7,2011343129,""
AUD,BTC Markets 3,-0.21102878,2018-07-17 10:19:18 UTC,Sell,"",654.49,654.49,2011343129,""
AUD,BTC Markets 3,51.7846,2018-07-17 10:22:17 UTC,Sell,"",706.28,706.28,2011343129,""
AUD,BTC Markets 3,-0.33659938,2018-07-17 10:22:17 UTC,Sell,"",705.94,705.94,2011343129,""
AUD,BTC Markets 3,495.7858254,2018-07-17 10:54:28 UTC,Sell,"",1201.73,1201.73,2011343129,""
AUD,BTC Markets 3,-3.2226029,2018-07-17 10:54:28 UTC,Sell,"",1198.5,1198.5,2011343129,""
AUD,BTC Markets 3,94.5361256,2018-07-17 10:58:04 UTC,Sell,"",1293.04,1293.04,2011343129,""
AUD,BTC Markets 3,-0.61448387,2018-07-17 10:58:04 UTC,Sell,"",1292.43,1292.43,2011343129,""
AUD,BTC Markets 3,100.0,2018-07-17 11:02:21 UTC,Sell,"",1392.43,1392.43,2011343129,""
AUD,BTC Markets 3,-0.649999,2018-07-17 11:02:21 UTC,Sell,"",1391.78,1391.78,2011343129,""
AUD,BTC Markets 3,3470.5007781,2018-07-17 11:05:28 UTC,Sell,"",4862.28,4862.28,2011343129,""
AUD,BTC Markets 3,-22.55822035,2018-07-17 11:05:28 UTC,Sell,"",4839.72,4839.72,2011343129,""
AUD,BTC Markets 3,1399.5512785,2018-07-17 11:21:22 UTC,Sell,"",6239.27,6239.27,2011343129,""
AUD,BTC Markets 3,-9.09706931,2018-07-17 11:21:22 UTC,Sell,"",6230.17,6230.17,2011343129,""
AUD,BTC Markets 3,197.45,2018-07-17 17:40:20 UTC,Sell,"",6427.62,6427.62,2011343129,""
AUD,BTC Markets 3,-1.28342302,2018-07-17 17:40:20 UTC,Sell,"",6426.34,6426.34,2011343129,""
AUD,BTC Markets 3,11184.4251314,2018-07-17 17:41:09 UTC,Sell,"",17610.76,17610.76,2011343129,""
AUD,BTC Markets 3,-72.6986515,2018-07-17 17:41:09 UTC,Sell,"",17538.07,17538.07,2011343129,""
AUD,BTC Markets 3,-47.77990477,2018-08-06 16:48:38 UTC,Buy,"",17490.29,17490.29,2013568479,""
AUD,BTC Markets 3,-7963.3174623741,2018-08-06 16:48:38 UTC,Buy,"",9526.97,9526.97,2013568479,""
AUD,BTC Markets 3,-31.46776545,2018-08-06 18:01:08 UTC,Buy,"",9495.5,9495.5,2013568479,""
AUD,BTC Markets 3,-5244.6275763327,2018-08-06 18:01:08 UTC,Buy,"",4250.87,4250.87,2013568479,""
AUD,BTC Markets 3,-25.3531188,2018-08-06 18:01:10 UTC,Buy,"",4225.52,4225.52,2013568479,""
AUD,BTC Markets 3,-4225.5198005421,2018-08-06 18:01:10 UTC,Buy,"",-0.0,-0.0,2013568479,""
AUD,BTC Markets 3,939.7090617945,2018-09-29 22:28:46 UTC,Sell,"",939.71,939.71,2342142873,""
AUD,BTC Markets 3,-7.98751762,2018-09-29 22:28:46 UTC,Sell,"",931.72,931.72,2342142873,""
AUD,BTC Markets 3,2.385,2018-09-29 22:31:34 UTC,Sell,"",934.11,934.11,2342142873,""
AUD,BTC Markets 3,-0.02027247,2018-09-29 22:31:34 UTC,Sell,"",934.09,934.09,2342142873,""
AUD,BTC Markets 3,3430.7211035853,2018-09-29 22:37:15 UTC,Sell,"",4364.81,4364.81,2342142873,""
AUD,BTC Markets 3,-29.16109507,2018-09-29 22:37:15 UTC,Sell,"",4335.65,4335.65,2342142873,""
AUD,BTC Markets 3,6660.0378288569,2018-09-29 22:50:27 UTC,Sell,"",10995.68,10995.68,2342226840,""
AUD,BTC Markets 3,-56.61025494,2018-09-29 22:50:27 UTC,Sell,"",10939.07,10939.07,2342226840,""
AUD,BTC Markets 3,1587.4,2018-09-29 22:51:36 UTC,Sell,"",12526.47,12526.47,2342226840,""
AUD,BTC Markets 3,-13.49288412,2018-09-29 22:51:36 UTC,Sell,"",12512.98,12512.98,2342226840,""
AUD,BTC Markets 3,496.0317482999,2018-09-29 22:52:00 UTC,Sell,"",13009.01,13009.01,2342226840,""
AUD,BTC Markets 3,-4.2162649,2018-09-29 22:52:00 UTC,Sell,"",13004.8,13004.8,2342226840,""
AUD,BTC Markets 3,11188.7106013188,2018-09-29 23:12:48 UTC,Sell,"",24193.51,24193.51,2342317871,""
AUD,BTC Markets 3,-95.10392822,2018-09-29 23:12:48 UTC,Sell,"",24098.4,24098.4,2342317871,""
AUD,BTC Markets 3,-53.63598011,2018-10-01 13:49:19 UTC,Buy,"",24044.77,24044.77,2348782791,""
AUD,BTC Markets 3,-8251.7019441181,2018-10-01 13:49:19 UTC,Buy,"",15793.07,15793.07,2348782791,""
AUD,BTC Markets 3,-54.39599779,2018-10-01 13:49:22 UTC,Buy,"",15738.67,15738.67,2348782791,""
AUD,BTC Markets 3,-8368.6279199645,2018-10-01 13:49:22 UTC,Buy,"",7370.04,7370.04,2348782791,""
AUD,BTC Markets 3,-47.59582227,2018-10-01 13:49:24 UTC,Buy,"",7322.45,7322.45,2348782791,""
AUD,BTC Markets 3,-7322.4454622283,2018-10-01 13:49:24 UTC,Buy,"",-0.0,-0.0,2348782791,""
AUD,BTC Markets 3,8000.0,2019-01-17 09:50:29 UTC,Fiat deposit,"",8000.0,8000.0,"","BPAY Deposit, $ 8000.00000000"
AUD,BTC Markets 3,-67.3675817,2019-01-18 05:09:30 UTC,Buy,"",7932.63,7932.63,2842774715,""
AUD,BTC Markets 3,-7925.6071713677,2019-01-18 05:09:30 UTC,Buy,"",7.03,7.03,2842774715,""
AUD,BTC Markets 3,500.0,2019-02-15 06:31:34 UTC,Fiat deposit,"",507.03,507.03,"","EFT Deposit, $ 500.00000000"
AUD,BTC Markets 3,-3.77437649,2019-02-15 06:32:07 UTC,Buy,"",503.25,503.25,2946034171,""
AUD,BTC Markets 3,-503.2508704899,2019-02-15 06:32:07 UTC,Buy,"",-0.0,-0.0,2946034171,""
AUD,Coinbase,100.0,2019-03-01 20:44:11 UTC,Fiat deposit,"",100.0,100.0,"",Bought XRP Using MasterCard debit ********1750
AUD,Coinbase,-3.84,2019-03-01 20:44:11 UTC,Buy,"",96.16,96.16,8748f846-cba7-5e83-ab0c-67a7032959a6,""
AUD,Coinbase,-96.16,2019-03-01 20:44:11 UTC,Buy,"",0.0,-0.0,8748f846-cba7-5e83-ab0c-67a7032959a6,""
AUD,Coinbase,1497.77,2019-06-01 22:40:57 UTC,Fiat deposit,"",1497.77,1497.77,"",Bought XRP Using 5218********7446
AUD,Coinbase,-57.47,2019-06-01 22:40:57 UTC,Buy,"",1440.3,1440.3,75d7e3ff-c5c4-511b-93e9-82fe8cb46d00,""
AUD,Coinbase,-1440.3,2019-06-01 22:40:57 UTC,Buy,"",0.0,-0.0,75d7e3ff-c5c4-511b-93e9-82fe8cb46d00,""
BTC,BTC Markets 3,-0.0583206945,2018-07-12 19:11:52 UTC,Exchange,"",0.0001283055,0.1983449755,1992689498,""
BTC,Coinbase,-0.19820841,2018-07-12 19:15:13 UTC,Transfer,"",0.0,0.0001365655,cbe9ab5a395977f819a65c6d852cc93c5b5bb274e56a859ebf5673e5746afdc7,"BITCOIN Deposit, B 0.19819473"
BTC,BTC Markets 3,0.19819473,2018-07-12 19:18:01 UTC,Transfer,"",0.1983230355,0.1983312955,cbe9ab5a395977f819a65c6d852cc93c5b5bb274e56a859ebf5673e5746afdc7,"BITCOIN Deposit, B 0.19819473"
BTC,Coinbase,0.00001368,2018-07-12 19:18:01 UTC,Transfer,"",0.00001368,0.1983449755,cbe9ab5a395977f819a65c6d852cc93c5b5bb274e56a859ebf5673e5746afdc7,"BITCOIN Deposit, B 0.19819473"
BTC,Coinbase,-0.00001368,2018-07-12 19:18:01 UTC,Transfer fee,"",0.0,0.1983312955,cbe9ab5a395977f819a65c6d852cc93c5b5bb274e56a859ebf5673e5746afdc7,"BITCOIN Deposit, B 0.19819473"
BTC,BTC Markets 3,-0.0831516,2018-07-12 19:21:31 UTC,Exchange,"",0.1151714355,0.1151796955,1992718110,""
BTC,BTC Markets 3,-0.0994617868,2018-07-12 19:21:31 UTC,Exchange,"",0.0157096487,0.0157179087,1992718110,""
BTC,BTC Markets 3,-0.0151920919,2018-07-12 19:21:32 UTC,Exchange,"",0.0005175568,0.0005258168,1992718110,""
BTC,BTC Markets 3,-0.0000822083,2018-07-12 19:22:51 UTC,Exchange,"",0.0004353485,0.0004436085,1992718110,""
ETH,BTC Markets 3,-5.10363492,2018-07-12 19:37:54 UTC,Sell,"",0.0,0.0,1992765519,""
LTC,BTC Markets 3,-6.0,2018-07-12 19:36:49 UTC,Sell,"",0.0,0.0,1992762531,""
OMG,BTC Markets 3,49.0964529,2018-07-12 19:11:52 UTC,Exchange,"",49.0964529,49.0964529,1992689498,""
OMG,BTC Markets 3,-0.10801219,2018-07-12 19:11:52 UTC,Exchange fee,"",48.98844071,48.98844071,1992689498,""
OMG,BTC Markets 3,83.73050042,2018-07-12 19:21:31 UTC,Exchange,"",132.71894113,132.71894113,1992718110,""
OMG,BTC Markets 3,70.0,2018-07-12 19:21:31 UTC,Exchange,"",202.71894113,202.71894113,1992718110,""
OMG,BTC Markets 3,-0.154,2018-07-12 19:21:31 UTC,Exchange fee,"",202.56494113,202.56494113,1992718110,""
OMG,BTC Markets 3,-0.1842071,2018-07-12 19:21:31 UTC,Exchange fee,"",202.38073403,202.38073403,1992718110,""
OMG,BTC Markets 3,12.78924803,2018-07-12 19:21:32 UTC,Exchange,"",215.16998206,215.16998206,1992718110,""
OMG,BTC Markets 3,-0.02813634,2018-07-12 19:21:32 UTC,Exchange fee,"",215.14184572,215.14184572,1992718110,""
OMG,BTC Markets 3,0.06920589,2018-07-12 19:22:51 UTC,Exchange,"",215.21105161,215.21105161,1992718110,""
OMG,BTC Markets 3,-0.00015225,2018-07-12 19:22:51 UTC,Exchange fee,"",215.21089936,215.21089936,1992718110,""
OMG,BTC Markets 3,600.0,2018-07-12 19:35:40 UTC,Buy,"",815.21089936,815.21089936,1992759143,""
OMG,BTC Markets 3,573.26185718,2018-07-12 19:35:43 UTC,Buy,"",1388.47275654,1388.47275654,1992759143,""
OMG,BTC Markets 3,64.67295393,2018-07-12 19:37:10 UTC,Buy,"",1453.14571047,1453.14571047,1992763375,""
OMG,BTC Markets 3,308.82186256,2018-07-12 19:38:13 UTC,Buy,"",1761.96757303,1761.96757303,1992766232,""
OMG,BTC Markets 3,3.3132978,2018-07-12 19:38:44 UTC,Buy,"",1765.28087083,1765.28087083,1992767194,""
OMG,BTC Markets 3,-10.0,2018-07-17 10:08:32 UTC,Sell,"",1755.28087083,1755.28087083,2011343129,""
OMG,BTC Markets 3,-10.0,2018-07-17 10:09:27 UTC,Sell,"",1745.28087083,1745.28087083,2011343129,""
OMG,BTC Markets 3,-20.84991326,2018-07-17 10:10:33 UTC,Sell,"",1724.43095757,1724.43095757,2011343129,""
OMG,BTC Markets 3,-16.78098194,2018-07-17 10:14:17 UTC,Sell,"",1707.64997563,1707.64997563,2011343129,""
OMG,BTC Markets 3,-5.0,2018-07-17 10:15:03 UTC,Sell,"",1702.64997563,1702.64997563,2011343129,""
OMG,BTC Markets 3,-3.24660173,2018-07-17 10:19:18 UTC,Sell,"",1699.4033739,1699.4033739,2011343129,""
OMG,BTC Markets 3,-5.17846,2018-07-17 10:22:17 UTC,Sell,"",1694.2249139,1694.2249139,2011343129,""
OMG,BTC Markets 3,-49.57858254,2018-07-17 10:54:28 UTC,Sell,"",1644.64633136,1644.64633136,2011343129,""
OMG,BTC Markets 3,-9.45361256,2018-07-17 10:58:04 UTC,Sell,"",1635.1927188,1635.1927188,2011343129,""
OMG,BTC Markets 3,-10.0,2018-07-17 11:02:21 UTC,Sell,"",1625.1927188,1625.1927188,2011343129,""
OMG,BTC Markets 3,-347.05007781,2018-07-17 11:05:28 UTC,Sell,"",1278.14264099,1278.14264099,2011343129,""
OMG,BTC Markets 3,-139.95512785,2018-07-17 11:21:22 UTC,Sell,"",1138.18751314,1138.18751314,2011343129,""
OMG,BTC Markets 3,-19.745,2018-07-17 17:40:20 UTC,Sell,"",1118.44251314,1118.44251314,2011343129,""
OMG,BTC Markets 3,-1118.44251314,2018-07-17 17:41:09 UTC,Sell,"",0.0,0.0,2011343129,""
XRP,BTC Markets 3,-249.33020517,2018-07-12 19:34:44 UTC,Sell,"",18740.8867,18742.5867,1992756536,""
XRP,BTC Markets 3,-18740.8867,2018-07-12 19:34:44 UTC,Sell,"",0.0,1.7,1992756536,""
XRP,BTC Markets 3,13970.73239013,2018-08-06 16:48:38 UTC,Buy,"",13970.73239013,13972.43239013,2013568479,""
XRP,BTC Markets 3,9201.10101111,2018-08-06 18:01:08 UTC,Buy,"",23171.83340124,23173.53340124,2013568479,""
XRP,BTC Markets 3,7413.19263253,2018-08-06 18:01:10 UTC,Buy,"",30585.02603377,30586.72603377,2013568479,""
XRP,BTC Markets 3,-1182.0239771,2018-09-29 22:28:46 UTC,Sell,"",29403.00205667,29404.70205667,2342142873,""
XRP,BTC Markets 3,-3.0,2018-09-29 22:31:34 UTC,Sell,"",29400.00205667,29401.70205667,2342142873,""
XRP,BTC Markets 3,-4315.37245734,2018-09-29 22:37:15 UTC,Sell,"",25084.62959933,25086.32959933,2342142873,""
XRP,BTC Markets 3,-8391.12741446,2018-09-29 22:50:27 UTC,Sell,"",16693.50218487,16695.20218487,2342226840,""
XRP,BTC Markets 3,-2000.0,2018-09-29 22:51:36 UTC,Sell,"",14693.50218487,14695.20218487,2342226840,""
XRP,BTC Markets 3,-624.96125526,2018-09-29 22:52:00 UTC,Sell,"",14068.54092961,14070.24092961,2342226840,""
XRP,BTC Markets 3,-14068.54092961,2018-09-29 23:12:48 UTC,Sell,"",0.0,1.7,2342317871,""
XRP,BTC Markets 3,10923.61920058,2018-10-01 13:49:19 UTC,Buy,"",10923.61920058,10925.31920058,2348782791,""
XRP,BTC Markets 3,11078.40603649,2018-10-01 13:49:22 UTC,Buy,"",22002.02523707,22003.72523707,2348782791,""
XRP,BTC Markets 3,9693.46764923,2018-10-01 13:49:24 UTC,Buy,"",31695.4928863,31697.1928863,2348782791,""
XRP,BTC Markets 3,17415.08936798,2019-01-18 05:09:30 UTC,Buy,"",49110.58225428,49112.28225428,2842774715,""
XRP,BTC Markets 3,1182.72825027,2019-02-15 06:32:07 UTC,Buy,"",50293.31050455,50295.01050455,2946034171,""
XRP,Coinbase,211.896201,2019-03-01 20:44:11 UTC,Buy,"",211.896201,50506.90670555,8748f846-cba7-5e83-ab0c-67a7032959a6,""
XRP,BTC Markets 3,-100.0,2019-05-26 21:12:55 UTC,Crypto withdrawal,"",50193.31050455,50406.90670555,746693c96a39f83e2a4516bd24c6ae1e32c666ae6e5b2633c2f19b1b30dae42c,XRP withdraw from [anthonybarryptyltd@gmail.com] to Address: raLPjTYeGezfdb6crXZzcC8RkLBEwbBHJ5?dt=18196135 amount: 100.00000000 fee: 0.00000000
XRP,BTC Markets 3,99.6,2019-05-26 21:32:16 UTC,Crypto deposit,"",50292.91050455,50506.50670555,9a09a5b2b9aede5530e79224b17a8c6407dffffb081c8b6e2ae220462e2f8ebd,"Ripple Deposit, X 99.60000000"
XRP,BTC Markets 3,-50292.91050454,2019-05-26 21:44:00 UTC,Crypto withdrawal,"",0.00000001,213.59620101,0f8bc087a42047e18a11b8e3cfbe7ca101cbd23c084a059dccaf03d752f868e0,XRP withdraw from [anthonybarryptyltd@gmail.com] to Address: raLPjTYeGezfdb6crXZzcC8RkLBEwbBHJ5?dt=18196135 amount: 50292.91050000 fee: 0.00000000
XRP,BTC Markets 3,50292.510504,2019-05-27 08:20:19 UTC,Crypto deposit,"",50292.51050401,50506.10670501,ab5fccd74956789024398bdee80e542a9b97f4c2196091055eb1633255cb6476,"Ripple Deposit, X 50292.51100000"
XRP,BTC Markets 3,-50000.0,2019-06-01 22:14:40 UTC,Crypto withdrawal,"",292.51050401,506.10670501,fec547cd970e1f80d8e3e05f93d47dfdec6d57038edeaeaf09e387d7a26340c1,XRP withdraw from [anthonybarryptyltd@gmail.com] to Address: raLPjTYeGezfdb6crXZzcC8RkLBEwbBHJ5?dt=18196135 amount: 50000.00000000 fee: 0.00000000
XRP,Coinbase,2300.0,2019-06-01 22:40:57 UTC,Buy,"",2511.896201,2806.10670501,75d7e3ff-c5c4-511b-93e9-82fe8cb46d00,""
XRP,Coinbase,-2511.894045,2019-06-01 22:44:15 UTC,Crypto withdrawal,"",0.002156,294.21266001,bd1e71643e75c1f3d4e6daf02eb9feffb62002bae44b7141edc6526253eb3b37,Sent XRP To XRP address raLPjTYeGezfdb6crXZzcC8RkLBEwbBHJ5:::ucl:::18196135
XRP,BTC Markets 3,50268.371989,2019-06-06 00:22:48 UTC,Crypto deposit,"",50560.88249301,50562.58464901,"","Ripple Deposit, X 50268.37200000"
